TT	PID	AT	CT	IO_D	WT	RT	TRT
17	2	2	0	0	0	1	15
21	4	4	0	0	13	14	17
23	5	5	0	0	13	17	18
29	6	6	0	0	17	18	23
38	9	9	0	0	20	21	29
41	1	1	0	0	0	1	40
49	11	11	0	0	27	28	38
62	13	13	0	0	36	37	49
64	7	7	0	0	50	56	57
80	16	16	0	0	48	49	64
82	8	8	0	0	66	73	74
84	3	3	0	0	78	80	81
102	18	18	0	0	66	67	84
122	20	20	0	0	82	83	102
124	10	10	0	0	104	113	114
127	12	12	0	0	103	113	115
140	14	14	0	0	112	125	126
143	15	15	0	0	113	126	128
156	17	17	0	0	122	138	139
176	19	19	0	0	138	156	157
224	22	4	0	0	183	219	220
226	21	3	0	0	185	222	223

Processes: 22
Avg WT = 71,	Avg RT = 79,	Avg TT = 96
Migration %: RTF = 12%,	MaxW = 10%
Work Steal %:%
Forked Process:%
Killed Process:%

Processors: 3 [1 FCFS, 1 SJF, 1 RR]
Processors Load:
p0=0%,  p1=0%,  p2=0%,  Processors Utiliz:
Avg Utilization = 0%
